ALPHA SWEEP COMPREHENSIVE REPORT
================================

       num_samples     rouge1     rouge2     rougeL  rougeLsum  bertscore_precision  bertscore_recall  bertscore_f1
alpha                                                                                                              
0.0            100  45.261219  16.011219  22.460768  22.399254            64.529347         62.717313     63.553584
0.1            100  45.483422  16.177681  22.535366  22.487416            64.762288         62.874424     63.750494
0.2            100  45.412764  16.141287  22.430859  22.373877            64.698166         62.827367     63.695669
0.3            100  45.023393  15.803777  22.239977  22.183380            64.460236         62.628186     63.478416
0.4            100  45.254658  15.840740  22.267702  22.219355            64.466202         62.606180     63.466930
0.5            100  45.312318  15.711232  22.182994  22.131953            64.377397         62.625170     63.438976
0.6            100  45.362321  15.782538  22.129169  22.093110            64.381516         62.617308     63.435727
0.7            100  45.154603  15.599322  21.977934  21.906659            64.234632         62.509310     63.309389
0.8            100  45.250724  15.635521  22.078063  22.033542            64.352858         62.579554     63.403654
0.9            100  45.726203  16.328769  22.698245  22.672747            64.825940         62.889510     63.791138
1.0            100  45.810875  16.528916  22.677484  22.654179            64.864969         62.995559     63.860977

Best Alphas:
num_samples: 0.0 (100.00)
rouge1: 1.0 (45.81)
rouge2: 1.0 (16.53)
rougeL: 0.9 (22.70)
rougeLsum: 0.9 (22.67)
bertscore_precision: 1.0 (64.86)
bertscore_recall: 1.0 (63.00)
bertscore_f1: 1.0 (63.86)
